1.1540242813087864,-2.4170502654082446e-28,-0.1384196144071876,4.06530060663289e-15,-0.21493019200956867,8.48098638414804e-15,0.0
1.1540203971806444,-0.0013862752403837838,-0.13841439981691914,-0.0012043656631344555,-0.21491879757352658,0.0016169225678055663,0.00645
1.1540087453827528,-0.0027724034937575584,-0.1383987562259634,-0.0024085494567592353,-0.21488461483049595,0.0032337893677044038,0.0129
1.153989327674655,-0.004158237780400518,-0.13837268417389206,-0.003612369529432961,-0.21482764547551456,0.004850544624676478,0.01935
1.1539621469887298,-0.005543631135167282,-0.13833618456006794,-0.004815644065865805,-0.2147478923328158,0.0064671325494243875,0.0258
1.1539272074298996,-0.006928436614766743,-0.13828925864375993,-0.0060181913049744086,-0.21464535935458354,0.008083497331225499,0.03225
1.1538845142752223,-0.008312507305033684,-0.13823190804430452,-0.007219829557925991,-0.21452005161920867,0.009699583130752424,0.0387
1.1538340739733672,-0.009695696328181501,-0.13816413474131367,-0.008420377226154662,-0.2143719753290502,0.011315334072851402,0.04515
1.153775894143975,-0.011077856850053193,-0.13808594107492872,-0.009619652819360221,-0.21420113780769184,0.012930694239289962,0.0516
1.1537099835769016,-0.01245884208732882,-0.137997329746123,-0.010817474973462752,-0.21400754749672854,0.014545607661449215,0.05805
1.1536363522313449,-0.013838505314733001,-0.1378983038170494,-0.01201366246851981,-0.21379121395200662,0.01616001831294697,0.0645
1.1535550112348594,-0.01521669987220987,-0.13778886671143734,-0.01320803424660393,-0.21355214783940482,0.01777387010219784,0.07095
1.1534659728822534,-0.016593279172067064,-0.13766902221503732,-0.01440040942963007,-0.21329036093012163,0.019387106864899643,0.0774
1.1533692506343705,-0.01796809670608779,-0.13753877447611437,-0.015590607337125539,-0.21300586609545757,0.02099967235643165,0.08385
1.1532648591167591,-0.01934100605260732,-0.13739812800599074,-0.01677844750393782,-0.21269867730109698,0.02261151024415591,0.0903
1.1531528141182261,-0.020711860883550967,-0.1372470876796387,-0.017963749697876046,-0.21236880960089324,0.024222564099613063,0.09675
1.1530331325892766,-0.022080514971431833,-0.13708565873632395,-0.01914633393728325,-0.21201627913016177,0.025832777390606337,0.1032
1.1529058326404427,-0.023446822196303715,-0.13691384678030086,-0.0203260205085338,-0.21164110309848494,0.027442093473163308,0.10965
1.152770933540497,-0.02481063655266599,-0.1367316577815602,-0.021502629983451718,-0.21124329978203418,0.029050455583366996,0.1161
1.1526284557145572,-0.026171812156320994,-0.13653909807662934,-0.022675983236648798,-0.21082288851541098,0.030657806829052316,0.12255
1.152478420742077,-0.027530203251171174,-0.13633617436942735,-0.023845901462763216,-0.21037988968299512,0.03226409018134006,0.129
1.1523208513547265,-0.028885664215967322,-0.1361228937321729,-0.025012206193588026,-0.2099143247096725,0.033869248466004746,0.13545
1.1521557714341626,-0.030238049570958537,-0.13589926360635374,-0.026174719315151206,-0.2094262160513426,0.03547322435473995,0.1419
1.1519832060096895,-0.03158721398453511,-0.13566529180374495,-0.02733326308461667,-0.20891558718465875,0.03707596035613781,0.14835
1.1518031812558096,-0.03293301227978028,-0.13542098650749118,-0.028487660147129137,-0.20838246259642085,0.038677398806536825,0.1548
1.1516157244896685,-0.034275299440949446,-0.13516635627324813,-0.029637733552549828,-0.20782686777249718,0.0402774818606815,0.16125
1.1514208641683912,-0.03561393061987558,-0.13490141003038447,-0.03078330677206761,-0.2072488291862412,0.04187615148216812,0.1677
1.151218629886311,-0.03694876114229806,-0.1346261570832459,-0.03192420371468413,-0.2066483742864097,0.0434733494336672,0.17415
1.151009052372093,-0.038279646514111816,-0.13434060711248302,-0.03306024874357177,-0.20602553148458658,0.045069017266913355,0.1806
1.1507921634857516,-0.039606442427535,-0.1340447701764445,-0.03419126669230385,-0.20538033014211893,0.04666309631245439,0.18705
1.1505679962155635,-0.04092900476719007,-0.13373865671263754,-0.03531708288095424,-0.20471280055657023,0.04825552766914785,0.1935
1.1503365846748794,-0.04224718961609565,-0.1334222775392575,-0.03643752313206495,-0.2040229739476975,0.04984625219339594,0.19995
1.1500979640988294,-0.04356085326157353,-0.1330956438567867,-0.03755241378648702,-0.20331088244295326,0.051435210488118485,0.2064
1.1498521708409306,-0.044869852201053426,-0.13275876724966695,-0.03866158171908083,-0.20257655906252559,0.05302234289143682,0.21285
1.1495992423695938,-0.04617404314778091,-0.13241165968804625,-0.03976485435428172,-0.20182003770391763,0.054607589465069745,0.2193
1.1493392172645254,-0.04747328303644126,-0.13205433352959728,-0.040862059681543085,-0.20104135312606378,0.05619088998245086,0.22575
1.1490721352130393,-0.048767429028650645,-0.13168680152141984,-0.04195302627061661,-0.200240540933011,0.05777218391650316,0.2322
1.14879803700626,-0.05005633851837763,-0.13130907680201218,-0.04303758328657922,-0.19941763755675362,0.05935141042698457,0.23865
1.148516964535242,-0.05133986913715709,-0.13092117290334557,-0.04411556050481136,-0.198572680239855,0.06092850834756618,0.2451
1.1482289607869804,-0.052617878759295356,-0.1305231037530011,-0.04518678832592807,-0.19770570701796658,0.06250341617273007,0.25155
1.1479340698403289,-0.053890225506943765,-0.13011488367639815,-0.04625109779030276,-0.19681675670120016,0.06407607204396812,0.258
1.1476323368618273,-0.05515676775503447,-0.12969652739911805,-0.04730832059263211,-0.19590586885542183,0.06564641373578965,0.26445
1.1473238081014359,-0.05641736413609238,-0.12926805004931832,-0.048358289096327035,-0.19497308378304395,0.06721437864132371,0.2709
1.1470085308881766,-0.05767187354492061,-0.12882946716024005,-0.04940083634773338,-0.19401844250332037,0.06877990375750095,0.27735
1.1466865536256834,-0.05892015514315673,-0.12838079467281172,-0.050435796090187064,-0.1930419867321494,0.07034292566980153,0.2838
1.1463579257876624,-0.060162068363696905,-0.12792204893835327,-0.051463002777907635,-0.192043758861391,0.0719033805365543,0.29025
1.1460226979132606,-0.061397472914985936,-0.12745324672138225,-0.052482291589735545,-0.19102380193770296,0.07346120407277458,0.2967
1.1456809216023498,-0.0626262287851683,-0.12697440520252729,-0.053493498442715566,-0.18998215964090312,0.07501633153352348,0.30315
1.1453326495107192,-0.06384819624610039,-0.1264855419815495,-0.05449646000553331,-0.18891887626186116,0.07656869769677853,0.3096
1.1449779353451852,-0.06506323585721921,-0.12598667508047737,-0.05549101371180754,-0.18783399667992726,0.07811823684579904,0.31605
1.1446168338586125,-0.06627120846926614,-0.12547782294685622,-0.05647699777324383,-0.18672756633990117,0.07966488275097378,0.3225
1.1442494008448552,-0.06747197522785649,-0.12495900445711944,-0.05745425119264869,-0.18559963122855497,0.08120856865112856,0.32895
1.143875693133609,-0.06866539757690994,-0.12443023892007583,-0.05842261377682299,-0.18445023785069625,0.08274922723430286,0.3354
1.1434957685851876,-0.06985133726190927,-0.12389154608053007,-0.05938192614931481,-0.1832794332048066,0.08428679061794253,0.34185
1.1431096860852132,-0.0710296563330223,-0.12334294612302368,-0.060332029763067146,-0.18208726475822826,0.08582119032854298,0.3483
1.142717505539228,-0.07220021714804496,-0.12278445967571383,-0.06127276691293204,-0.18087378042193333,0.0873523572806793,0.35475
1.1423192878672233,-0.07336288237519031,-0.1222161078143812,-0.062203980747619854,-0.17963902852396813,0.08888022175495632,0.3612
1.1419150949981018,-0.07451751499559449,-0.12163791206662536,-0.06312551528207452,-0.1783830577832099,0.09040471337557489,0.36765
1.141504989864054,-0.07566397830578599,-0.12104989441615306,-0.06403721540996077,-0.17710591728355063,0.09192576108795432,0.3741
1.1410890363948358,-0.07680213591999674,-0.12045207730721591,-0.06493892691509368,-0.17580765644571272,0.09344329313451831,0.38055
1.1406672995119922,-0.07793185177224868,-0.11984448364923063,-0.06583049648344232,-0.17448832499968084,0.09495723703025459,0.387
1.1402398451229971,-0.07905299011825818,-0.11922713682155528,-0.06671177171499022,-0.17314797295661644,0.09646751953752031,0.39345
1.139806740115324,-0.0801654155371558,-0.11860006067842765,-0.06758260113546538,-0.17178665058025758,0.09797406664006074,0.3999
1.1393680523504384,-0.08126899293301851,-0.11796327955407243,-0.06844283420795581,-0.1704044083578108,0.0994768035162121,0.40635
1.1389238506577162,-0.08236358753621173,-0.11731681826798322,-0.06929232134442626,-0.16900129697034288,0.10097565451125874,0.4128
1.1384742048282896,-0.0834490649045385,-0.1166607021303856,-0.0701309139171524,-0.16757736726267872,0.10247054310891603,0.41925
1.1380191856088147,-0.08452529092419324,-0.11599495694788768,-0.07095846427008834,-0.1661326702128131,0.10396139190190909,0.4257
1.1375588646951695,-0.08559213181051731,-0.11531960902932406,-0.07177482573018339,-0.16466725690084333,0.10544812256161887,0.43215
1.1370933147260756,-0.08664945410855254,-0.11463468519180062,-0.07257985261866305,-0.16318117847743147,0.10693065580676353,0.4386
1.136622609276646,-0.08769712469339418,-0.11394021276694336,-0.0733734002622935,-0.1616744861317975,0.10840891137109263,0.44505
1.136146822851864,-0.08873501077033216,-0.11323621960736321,-0.07415532500463895,-0.1601472310592626,0.1098828079700525,0.4515
1.1356660308799826,-0.08976297987478944,-0.11252273409333555,-0.07492548421733657,-0.15859946442833314,0.11135226326640967,0.45795
1.135180309705855,-0.09078089987204643,-0.11179978513970608,-0.07568373631139869,-0.15703123734734506,0.11281719383479136,0.4644
1.134689736584196,-0.09178863895674448,-0.11106740220303236,-0.07642994074855482,-0.15544260083068115,0.11427751512510761,0.47085
1.1341943896727624,-0.09278606565218656,-0.11032561528895338,-0.07716395805266527,-0.1538336057645395,0.11573314142485512,0.4773
1.1336943480254713,-0.09377304880940018,-0.10957445495981419,-0.07788564982119783,-0.15220430287230452,0.11718398582022828,0.48375
1.1331896915854365,-0.09474945760600022,-0.1088139523425266,-0.07859487873681406,-0.15055474267947339,0.11862996015606424,0.4902
1.1326805011779453,-0.0957151615448004,-0.1080441391367034,-0.07929150857904456,-0.1488849754782124,0.12007097499452477,0.49665
1.1321668585033433,-0.09667003045218345,-0.10726504762305474,-0.07997540423476868,-0.1471950512890504,0.12150693957105616,0.5031
1.1316488461298662,-0.0976139344760713,-0.10647671067220231,-0.08064643171064122,-0.1454850198252642,0.12293776174937474,0.50955
1.1311265474863872,-0.09854674408388722,-0.10567916175359421,-0.08130445814621713,-0.1437549304581264,0.1243633479780697,0.516
1.1306000468550481,-0.09946833006029551,-0.10487243494474348,-0.08194935182455705,-0.14200483217662782,0.12578360324233367,0.52245
1.1300694293638327,-0.10037856350462725,-0.10405656494084928,-0.08258098218482916,-0.1402347735499463,0.12719843101509157,0.5289
1.1295347809790661,-0.10127731582805492,-0.10323158706472528,-0.0831992198350357,-0.13844480268934847,0.12860773320657268,0.53535
1.1289961884978366,-0.10216445875051412,-0.10239753727704934,-0.08380393656490112,-0.13663496720954332,0.1300114101122465,0.5418
1.1284537395403345,-0.1030398642973698,-0.10155445218694902,-0.08439500535896467,-0.13480531418951566,0.13140936035904652,0.54825
1.1279075225421105,-0.1039034047958259,-0.10070236906293656,-0.0849723004099201,-0.13295589013286765,0.13280148084980797,0.5547
1.1273576267462426,-0.10475495287107661,-0.09984132584420714,-0.08553569713224606,-0.13108674092769454,0.1341876667058451,0.56115
1.1268041421954171,-0.10559438144219667,-0.09897136115231522,-0.08608507217616923,-0.12919791180602574,0.13556781120759193,0.5676
1.1262471597239136,-0.10642156371777037,-0.09809251430324173,-0.08662030344200415,-0.1272894473028551,0.13694180573323392,0.57405
1.1256867709494955,-0.1072363731912564,-0.09720482531986677,-0.08714127009491196,-0.12536139121479062,0.1383095396952543,0.5805
1.1251230682652018,-0.10803868363608633,-0.09630833494486309,-0.08764785258012078,-0.12341378655835354,0.13967090047481956,0.58695
1.124556144831035,-0.10882836910049769,-0.09540308465402025,-0.08813993263865227,-0.12144667552794647,0.1410257733539337,0.5934
1.1239860945655467,-0.10960530390209543,-0.0944891166700196,-0.08861739332359465,-0.11946009945353116,0.14237404144527974,0.59985
1.123413012137312,-0.11036936262214486,-0.09356647397666773,-0.08908011901696805,-0.11745409875803058,0.14371558561968087,0.6063
1.122836992956297,-0.11112042009958986,-0.09263520033360761,-0.08952799544722229,-0.1154287129144937,0.14505028443110052,0.61275
1.1222581331651067,-0.11185835142479944,-0.09169534029151644,-0.08996090970741344,-0.11338398040304122,0.14637801403911335,0.6192
1.1216765296301212,-0.11258303193303645,-0.09074693920780855,-0.09037875027409888,-0.11131993866762828,0.1476986481287661,0.62565
1.1210922799325118,-0.11329433719764329,-0.0897900432628609,-0.09078140702699151,-0.10923662407266063,0.1490120578277473,0.6321
1.1205054823591258,-0.1139921430229637,-0.08882469947675325,-0.09116877126943014,-0.10713407185944422,0.15031811162082664,0.63855
1.1199162358932586,-0.11467632543696206,-0.08785095572657754,-0.09154073574968487,-0.10501231610258416,0.151616675261426,0.645
1.1193246402052874,-0.11534676068357363,-0.08686886076428922,-0.09189719468316268,-0.10287138966627107,0.15290761168030959,0.65145
1.1187307956431447,-0.11600332521473464,-0.08587846423517145,-0.09223804377354422,-0.10071132415468838,0.1541907808883482,0.6579
1.1181348032226142,-0.11664589568190632,-0.0848798166973899,-0.09256318023741397,-0.09853214987246273,0.15546603987447963,0.66435
1.1175367646175267,-0.11727434892757597,-0.08387296964155937,-0.09287250283221761,-0.09633389578732525,0.156733242510485,0.6708
1.116936782149724,-0.11788856197654836,-0.08285797551105535,-0.09316591187952185,-0.09411658947551454,0.15799223944375498,0.67725
1.116334958778839,-0.11848841202691897,-0.0818348877232398,-0.09344330929302595,-0.09188025707974871,0.1592428779877142,0.6837
1.115731398091915,-0.1190737764407342,-0.08080376069137007,-0.09370459860769761,-0.08962492326695114,0.160485002008594,0.69015
1.1151262042928498,-0.11964453273434764,-0.07976464984722398,-0.09394968501010505,-0.08735061118576813,0.16171845180833222,0.6966
1.1145194821916486,-0.12020055856848065,-0.0787176116644743,-0.09417847537005851,-0.08505734242404932,0.1629430640034132,0.70305
1.1139113371934752,-0.12074173173799573,-0.07766270368284782,-0.09439087827367379,-0.0827451369664638,0.16415867139946078,0.7095
1.1133018752874873,-0.1212679301613904,-0.07659998453310306,-0.09458680405797042,-0.08041401315242422,0.16536510286139697,0.71595
1.1126912030354408,-0.12177903187002063,-0.07552951396286059,-0.0947661648471178,-0.07806398763448984,0.16656218317898036,0.7224
1.1120794275600536,-0.1222749149970613,-0.07445135286332068,-0.09492887459044161,-0.0756950753374215,0.1677497329275359,0.72885
1.1114666565331106,-0.12275545776621193,-0.07336556329690361,-0.09507484910230345,-0.07330728941806301,0.16892756832368896,0.7353
1.1108529981632993,-0.12322053848015731,-0.0722722085258432,-0.09520400610396684,-0.07090064122621269,0.1700955010759197,0.74175
1.1102385611837653,-0.12367003550878863,-0.07117135304177503,-0.09531626526756194,-0.06847514026667265,0.17125333822974423,0.7482
1.109623454839366,-0.12410382727719677,-0.07006306259634341,-0.09541154826226206,-0.0660307941626259,0.17240088200734496,0.75465
1.1090077888736212,-0.12452179225344158,-0.06894740423287454,-0.09548977880278435,-0.06356760862054178,0.17353792964145068,0.7611
1.1083916735153327,-0.1249238089361116,-0.06782444631913521,-0.09555088270032902,-0.061085587396748915,0.1746642732032948,0.76755
1.1077752194648751,-0.12530975584167453,-0.06669425858122625,-0.09559478791606682,-0.05858473226588065,0.17577969942444768,0.774
1.1071585378801299,-0.12567951149163464,-0.06555691213863278,-0.09562142461729148,-0.05606504299133822,0.1768839895123516,0.78045
1.10654174036206,-0.12603295439949985,-0.06441247954047177,-0.09563072523634626,-0.05352651729795703,0.17797691895936144,0.7869
1.1059249389399073,-0.12636996305756917,-0.0632610348029734,-0.09562262453244084,-0.05096915084705331,0.1790582573451061,0.79335
1.105308246056002,-0.12669041592354524,-0.06210265344823014,-0.09559705965646755,-0.04839293721402194,0.1801277681319795,0.7998
1.104691774550155,-0.12699419140699228,-0.0609374125442207,-0.09555397021893346,-0.045797867868597804,0.18118520845360406,0.80625
1.104075637643661,-0.12728116785562354,-0.05976539074621692,-0.09549329836111946,-0.04318393215811613,0.18223032889600785,0.8127
1.1034599489228474,-0.12755122354144433,-0.05858666833952749,-0.09541498882969437,-0.04055111728801784,0.1832628732687563,0.81915
1.1028448223218865,-0.12780423664703225,-0.057401327284591956,-0.0953189890541529,-0.03789940830385745,0.18428257835738113,0.8256
1.1022303721049846,-0.12804008525157623,-0.056209451263389255,-0.09520524922819695,-0.03522878813201216,0.18528917369779785,0.83205
1.1016167128485204,-0.1282586473166547,-0.055011125726296774,-0.09507372239858639,-0.03253923753526898,0.18628238131580432,0.8385
1.1010039594222925,-0.1284598006727048,-0.05380643794145028,-0.09492436455574287,-0.029830735118602743,0.1872619154645706,0.84495
1.1003922269701794,-0.12864342300541998,-0.052595477045816644,-0.09475713472843074,-0.02710325734435054,0.18822748235473138,0.8514
1.099781630890208,-0.1288093918420944,-0.051378334097999995,-0.0945719950829697,-0.02435677855103654,0.1891787798747771,0.85785
1.0991722868139895,-0.12895758453798783,-0.050155102132855754,-0.09436891102720399,-0.021591270976784132,0.19011549730150112,0.8643
1.098564310585484,-0.12908787826278614,-0.048925876217988065,-0.09414785131945234,-0.01880670478825496,0.1910373150002596,0.87075
1.0979578182390488,-0.12920014998723112,-0.047690753512205405,-0.09390878818266372,-0.016003048116052226,0.191943904114802,0.8772
1.0973529259767352,-0.1292942764699945,-0.04644983332600925,-0.09365169742400277,-0.013180267097526382,0.1928349262464289,0.88365
1.096749750144788,-0.12937013424487034,-0.04520321718419166,-0.09337655856009024,-0.010338325927923227,0.19371003312223417,0.8901
1.096148407209312,-0.12942759960836028,-0.04395100889061578,-0.09308335494812248,-0.00747718692081051,0.1945688662521892,0.89655
1.0955490137310586,-0.12946654860772613,-0.04269331459525418,-0.09277207392309447,-0.004596810578720618,0.19541105657482644,0.903
1.0949516863392994,-0.12948685702958365,-0.041430242863561194,-0.09244270694135123,-0.0016971556749503884,0.19623622409127875,0.90945
1.0943565417047407,-0.12948840038911297,-0.04016190474825592,-0.09209524973069287,0.001221820652539353,0.19704397748743055,0.9159
1.0937636965114386,-0.12947105391995894,-0.03888841386358497,-0.09172970244725595,0.004160162794201356,0.19783391374394235,0.92235
1.0931732674276755,-0.1294346925648964,-0.037609886462143007,-0.09134606983939644,0.007117916548009929,0.19860561773390267,0.9288
1.0925853710757605,-0.12937919096733488,-0.036326441514335873,-0.09094436141880206,0.010095128983639562,0.19935866180785997,0.93525
1.0920001240007018,-0.12930442346373686,-0.035038200790534504,-0.09052459163905058,0.01309184829083751,0.20009260536600748,0.9417
1.0914176426377322,-0.1292102640770236,-0.03374528894604363,-0.09008678008185222,0.016108123610939,0.20080699441724761,0.94815
1.090838043278613,-0.12909658651104336,-0.0324478336088841,-0.08963095165117958,0.01914400485076318,0.20150136112494074,0.9546
1.090261442036715,-0.12896326414617867,-0.031145965470555488,-0.08915713677553723,0.022199542477738556,0.2021752233390409,0.96105
1.0896879548108038,-0.12881017003615927,-0.02983981837977026,-0.08866537161856554,0.025274787295516334,0.20282808411441974,0.9675
1.0891176972475136,-0.1286371769061679,-0.028529529439309097,-0.08815569829823514,0.02836979019895618,0.2034594312151029,0.97395
1.088550784702483,-0.12844415715233526,-0.02721523910599485,-0.08762816511770243,0.031484601911903436,0.20406873660043817,0.9804
1.087987332199607,-0.128230982845063,-0.0258970912948035,-0.08708282680723209,0.03461927269178131,0.20465545590524734,0.98685
1.0874274543875466,-0.12799752573393927,-0.024575233486880333,-0.0865197447425436,0.03777385195365411,0.2052190279472317,0.9933
1.086871265496698,-0.12774365725211045,-0.02324981683929504,-0.08593898723401978,0.04094838797409819,0.20575887412327198,0.99975
1.086318879293845,-0.12746924852585056,-0.021920996298666565,-0.08534062979164637,0.04414292750208626,0.2062743978543433,1.0062
1.0857704090349063,-0.12717417038642695,-0.02058893071869009,-0.08472475539638895,0.047357515332011935,0.2067649840214489,1.01265
1.085225967415852,-0.12685829338436802,-0.019253782981555615,-0.08409145478363851,0.05059219384551128,0.2072299983848328,1.0191
1.0846856665217186,-0.1265214878064966,-0.017915720123286925,-0.08344082673840789,0.053847002518677085,0.20766878698818692,1.02555
1.084149617773666,-0.12616362369609285,-0.016574913463031856,-0.08277297840196207,0.0571219773912553,0.20808067554956908,1.032
1.0836179318740133,-0.12578457087654943,-0.01523153873633238,-0.08208802558956484,0.06041715049441983,0.20846496884074794,1.03845
1.0830907187491932,-0.12538419897888353,-0.013885776232404619,-0.08138609311902424,0.06373254923371761,0.20882095005669093,1.0449
1.082568087490559,-0.1249623774734685,-0.012537810935458808,-0.08066731514971985,0.06706819572377606,0.20914788017691108,1.05135
1.0820501462929903,-0.12451897570634958,-0.011187832670089479,-0.07993183553179481,0.07042410607136437,0.20944499732038901,1.0578
1.081537002391227,-0.12405386294050529,-0.009836036250761689,-0.07917980816519292,0.07380028960341171,0.2097115160957864,1.06425
1.0810287619938768,-0.12356690840242146,-0.008482621635430336,-0.07841139736822791,0.0771967480365562,0.20994662694866625,1.0707
1.0805255302150312,-0.12305798133433846,-0.0071277940833160795,-0.07762677825536378,0.08061347458483376,0.21014949550743672,1.07715
1.0800274110034283,-0.1225269510525347,-0.005771764316865201,-0.07682613712388742,0.08405045300210565,0.210319261929735,1.0836
1.0795345070691031,-0.12197368701201543,-0.004414748687937707,-0.07600967184916467,0.0875076565557806,0.21045504025096498,1.09005
1.079046919807461,-0.12139805887796135,-0.003056969348228907,-0.07517759228814866,0.09098504692848625,0.21055591773670934,1.0965
1.0785647492207158,-0.1207999366043119,-0.0016986544239861827,-0.07433012069084065,0.09448257304420264,0.21062095424072536,1.10295
1.0780880938366224,-0.12017919051983049,-0.0003400381950046425,-0.07346749211936048,0.09800016981556611,0.21064918157024953,1.1094
1.0776170506244618,-0.1195356914220404,0.0010186387220016229,-0.07258995487434769,0.10153775680876728,0.2106396028603168,1.11585
1.0771517149081962,-0.11886931067937145,0.0023771291856807745,-0.07169777092834151,0.10509523682278353,0.21059119195881645,1.1223
1.076692180277289,-0.11817992034194305,0.0037351793388194403,-0.07079121636940378,0.1086724943401538,0.21050289283583612,1.12875
1.0762385384954383,-0.11746739326824705,0.005092528418334028,-0.0698705817963419,0.11226939393935524,0.2103736192047298,1.1352
1.075790879400319,-0.11673160326153105,0.006448908551758967,-0.06893617274067802,0.11588577876508885,0.2102022539584059,1.14165
1.0753492908078526,-0.11597242521065013,0.00780404455668277,-0.06798831017497803,0.11952146843268885,0.20998764856503957,1.1481
1.0749138584132305,-0.11518973524836809,0.009157653740876374,-0.06702733092363694,0.12317625713600719,0.20972862269495096,1.15455
1.0744846656881768,-0.11438341092224147,0.01050944569789216,-0.06605358807298653,0.12684991164568504,0.20942396388586662,1.161
1.0740617937748818,-0.11355333137866681,0.011859122099077963,-0.06506745138136819,0.13054216917151426,0.20907242725396505,1.16745
1.0736453213768637,-0.1126993775609882,0.013206376482931461,-0.06406930768389976,0.13425273508916044,0.20867273526482505,1.1739
1.073235324647005,-0.11182143242255979,0.014550894042721856,-0.06305956128666389,0.1379812805315247,0.20822357757839727,1.18035
1.07283187707302,-0.1109193811556604,0.015892351413304036,-0.06203863434504628,0.14172743984501499,0.2077236109821183,1.1868
1.0724350493606027,-0.10999311143715525,0.0172304164580523,-0.061006967220951655,0.14549080791100447,0.20717145942628737,1.19325
1.0720449093145068,-0.1090425136918013,0.01856474805683914,-0.05996501881362561,0.14927093733274882,0.20656571417582492,1.1997
1.0716615217178111,-0.10806748137409107,0.019894995895986495,-0.058913266858809425,0.15306733548804063,0.20590493409253263,1.20615
1.0712849482096225,-0.1070679112695332,0.021220800261112477,-0.057852208190958467,0.15687946144786621,0.20518764606197581,1.2126
1.0709152471614654,-0.10604370381626181,0.02254179183380552,-0.0567823589632476,0.16070672276135547,0.20441234557910573,1.21905
1.0705524735526137,-0.10499476344787723,0.023857591493041924,-0.05570425482009955,0.16454847210726972,0.20357749750674536,1.2255
1.0701966788446124,-0.10392099895840116,0.02516781012229138,-0.054618451016949725,0.16840400381235568,0.20268153702104996,1.23195
1.0698479108552477,-0.102822323890263,0.0264720484232084,-0.053525522481997975,0.17227255023675708,0.20172287075807677,1.2384
1.0695062136322075,-0.10169865694619036,0.02776989673686628,-0.05242606381465114,0.1761532780268471,0.20069987817556745,1.24485
1.0691716273266934,-0.10054992242591011,0.029060934873445122,-0.0513206892153955,0.18004528423571411,0.19961091314406856,1.2513
1.0688441880672341,-0.09937605068857092,0.03034473195128212,-0.05021003234184242,0.18394759231152144,0.19845430578152437,1.25775
1.0685239278339453,-0.0981769786417462,0.03162084624625626,-0.04909474608563738,0.18785914795415062,0.19722836454543033,1.2642
1.0682108743334964,-0.09695265025795376,0.03288882505238751,-0.04797550226499963,0.19177881484026388,0.19593137859670434,1.27065
1.06790505087619,-0.09570301711787547,0.034148204557706195,-0.04685299104248244,0.1957053702347832,0.19456162085861187,1.2771
1.0676064762615116,-0.09442803897104977,0.03539850976808562,-0.045727920297776115,0.19963750136016592,0.19311735155681833,1.28355
1.067315164663739,-0.09312768434321111,0.03663925443965613,-0.044601015483263284,0.2035738008092723,0.1915968204249845,1.29
1.0670311255262144,-0.09180193116213711,0.03786994102169339,-0.04347301813098794,0.2075127614642975,0.18999827175724596,1.29645
1.0667543634611354,-0.09045076740584719,0.039090060633542534,-0.04234468499381039,0.21145277232090404,0.18831994852333847,1.3029
1.066484878154858,-0.08907419178402894,0.04029909306993643,-0.041216787019001604,0.21539211425976332,0.18656009694219586,1.30935
1.066222664280216,-0.08767221445070703,0.04149650683795984,-0.04009010810754409,0.21932895579931727,0.18471697160332048,1.3158
1.0659677114172812,-0.08624485774605009,0.042681759229018824,-0.03896544366037804,0.22326134889342994,0.18278884113107846,1.32225
1.0657200039839858,-0.08479215696521247,0.04385429642917336,-0.03784359891283232,0.22718722483759451,0.18077399438707573,1.3287
1.0654795211780295,-0.08331416115210862,0.04501355367119065,-0.03672538705848096,0.23110439034735922,0.17867074720577147,1.33515
1.0652462369314926,-0.08181093391601346,0.04615895543167978,-0.035611627163662084,0.2350105238726463,0.1764774496584789,1.3416
1.065020119879579,-0.08028255426889053,0.04728991567666277,-0.034503141873902216,0.23890317221161977,0.1741924938409166,1.34805
1.0648011333449083,-0.07872911748133632,0.04840583815894495,-0.033400754913480823,0.24277974748778433,0.17181432217945183,1.3545
1.0645892353387831,-0.07715073595504841,0.049506116770636974,-0.032305288379380674,0.24663752455395996,0.16934143625120998,1.36095
1.0643843785808489,-0.07554754010970054,0.05059013595419469,-0.031217559830855474,0.250473638886828,0.16677240611318123,1.3674
1.0641865105385728,-0.07391967928213626,0.05165727117532525,-0.0301383791758644,0.25428508503567904,0.1641058801355053,1.37385
1.0639955734879618,-0.0722673226357611,0.052706889461130016,-0.029068545355600883,0.25806871568907186,0.16134059533406261,1.3803
1.0638115045969407,-0.07059066007804149,0.05373835000683316,-0.02800884282836424,0.26182124142303836,0.15847538819754375,1.38675
1.0636342360328175,-0.06888990318401897,0.05475100485444711,-0.026960037854021148,0.2655392311944738,0.1555092060041731,1.3932
1.0634636950952479,-0.06716528612368644,0.05574419964676828,-0.025922874580261608,0.26921911364350254,0.1524411186231627,1.39965
1.0632998043759279,-0.06541706659098978,0.05671727445978151,-0.024898070890361997,0.27285717929137343,0.14927033081455673,1.4061
1.0631424819310666,-0.06364552668222868,0.057669564700475504,-0.0238863134497688,0.2764495839367693,0.14599619484407123,1.41255
1.0629916414843052,-0.06185097367140929,0.05860040209920638,-0.02288825421471055,0.2799923526352233,0.14261822215887351,1.419
1.0628471926853655,-0.060033740861206324,0.059509115800789734,-0.02190450539235456,0.2834813859078462,0.13913609682317007,1.42545
1.0627090413772757,-0.05819418838007548,0.060395033502920796,-0.020935634745647833,0.2869124663352733,0.13554968829746522,1.4319
1.0625770898948939,-0.05633270392232812,0.06125748268550165,-0.019982161098382963,0.2902812663935222,0.13185906401369668,1.43835
1.0624512373958865,-0.05444970342966706,0.062095791929478394,-0.01904454975399234,0.29358335778145106,0.12806450185630616,1.4448
1.0623313802226275,-0.05254563170589082,0.06290929231938973,-0.0181232078992731,0.2968142222077616,0.12416650238433408,1.45125
1.0622174122934838,-0.05062096295647473,0.063697318923828,-0.01721848006424578,0.2999692636054907,0.12016580062962953,1.4577
1.0621092255219524,-0.048676201244737614,0.0644592123480136,-0.016330643709349862,0.3030438217419328,0.1160633773062663,1.46415
1.062006710262116,-0.04671188085630331,0.06519432035268369,-0.015459905011179352,0.3060331871919362,0.11186046926625906,1.4706
1.0619097557788786,-0.04472856656355998,0.06590199953349796,-0.014606394917959151,0.30893261764252317,0.10755857903665782,1.47705
1.061818250741453,-0.04272685378183546,0.06658161705515925,-0.013770165545969347,0.31173735549676435,0.10315948327313354,1.4835
1.0617320837385598,-0.04070736860898652,0.0672325524344539,-0.012951186988115725,0.3144426467448654,0.09866523996512305,1.48995
1.0616511438138059,-0.03867076774011475,0.06785419936641049,-0.0121493446058519,0.3170437610704007,0.09407819422763257,1.4964
1.0615753210197094,-0.03661773824912355,0.06844596758777831,-0.011364436875657044,0.319536013159637,0.08940098251480733,1.50285
1.0615045069888336,-0.034548997228807055,0.06900728477202837,-0.010596173861267592,0.3219147851818991,0.08463653509031346,1.5093
1.061438595520497,-0.03246529128120195,0.0695375984500763,-0.009844176382871396,0.324175550408912,0.07978807658968169,1.51575
1.0613774831809903,-0.03036739585015917,0.07003637795023793,-0.009107975898779404,0.32631389777218117,0.07485912453433739,1.5222
1.061321069869199,-0.028256114409013034,0.07050311627239686,-0.008387013046739358,0.3283255514067837,0.06985348691074345,1.52865
1.0612692593477193,-0.026132277497403905,0.07093733184873567,-0.00768063946033519,0.3302063970713099,0.06477525654129485,1.5351
1.0612219598359618,-0.023996741593632572,0.07133857039441728,-0.006988120684677769,0.3319525075172996,0.059628802254749314,1.54155
1.0611790845655151,-0.02185038784719705,0.07170640667309283,-0.006308638270808173,0.33356016526474236,0.05441875931603762,1.548
1.0611405523113622,-0.019694120650187406,0.07204044617824397,-0.005641293149685858,0.3350258860203511,0.04915001728316145,1.55445
1.0611062878969182,-0.017528866056791312,0.07234032672415448,-0.004985109882457859,0.3363464410682811,0.043827705442884314,1.5609
1.0610762226687658,-0.015355570061817307,0.07260571993484596,-0.004339041724053987,0.33751887843548384,0.03845717599543104,1.56735
1.0610502949369447,-0.013175196749142075,0.07283633261931115,-0.0037019764371527767,0.3385405426338829,0.03304398515840995,1.5738
1.0610284503766747,-0.010988726320989375,0.0730319080213796,-0.0030727427935633026,0.33940909278156167,0.027593872360175235,1.58025
1.0610106423873713,-0.008797153018948779,0.0731922269325495,-0.002450117700068199,0.34012251890514966,0.022112737692847582,1.5867
1.060996832404826,-0.006601482947633182,0.07331710865612054,-0.0018328338857704451,0.3406791562255992,0.01660661779518949,1.59315
1.0609869901624187,-0.0044027318119002215,0.07340641181096028,-0.0012195880879942492,0.34107769722953385,0.011081660335595366,1.5996
1.0609810938972284,-0.002201922578521779,0.07346003496324058,-0.0006090496737782124,0.34131720132836635,0.005544097265355988,1.60605
1.0609791304967306,-8.307332994490757e-8,0.07347791707440979,1.3037606395425238e-7,0.3413971018457241,2.170399809326694e-7,1.6125
1.0609810955795376,0.002201756455127534,0.0734600377638733,0.0006093104054381838,0.341317209052372,-0.005543663315811925,1.61895
1.0609869935266782,0.004402565750318772,0.07340641740861359,0.0012198486966023413,0.34107771250785424,-0.011081226862105753,1.6254
1.0609968374557248,0.006601316992060053,0.07331711705245966,0.001833094303659449,0.34067917932928693,-0.016606185034880476,1.63185
1.0610106491330085,0.008796987228021866,0.07319223813672972,0.0024503778821676255,0.3401225500686154,-0.022112305894215166,1.6383
1.061028458825487,0.010988560762593018,0.0730319220449798,0.0030730027172641413,0.33940913204622036,-0.027593441797626312,1.64475
1.0610503050946747,0.013175031490175768,0.07283634946908404,0.0037022361047371086,0.3385405898901122,-0.03304355609445947,1.6512
1.0610762345363767,0.015355405159414592,0.07260573960688704,0.004339301156054007,0.33751893352593393,-0.0384567486462555,1.65765
1.0611063014699678,0.017528701554863173,0.07234034920166801,0.004985369098356837,0.336346503862992,-0.043827279978016935,1.6641
1.0611405675809595,0.019693956582595103,0.07204047143365724,0.005641552140433916,0.3350259564215338,-0.0491495938653029,1.67055
1.0611791015205976,0.021850224246256343,0.07170643467384533,0.006308896975676204,0.3335602431464948,-0.05441833816206236,1.677
1.0612219784662305,0.02399657850006836,0.07133860111032463,0.006988378993029226,0.3319525926529309,-0.05962838367414184,1.68345
1.0612692796461913,0.026132114965289294,0.07093736525740395,0.007680897266950999,0.3302064891483594,-0.06477484088340124,1.6899
1.0613210918329348,0.028255952496623826,0.07050315235773402,0.008387270397114779,0.32832565027645844,-0.06985307432768281,1.69635
1.0613775068064233,0.030367234600800805,0.07003641669070639,0.009108232938470651,0.3263140034211537,-0.07485871497400706,1.7028
1.0614386208031246,0.03246513073530675,0.06953763982625519,0.009844432529769652,0.32417566165598716,-0.07978767066214199,1.70925
1.0615045339540101,0.034548837424487215,0.06900732881913586,0.010596428354749533,0.32191490035992365,-0.08463613341118813,1.7157
1.0615753497075,0.03661757922748556,0.06844601435185421,0.01136468995036665,0.3195361327876725,-0.08940058511105674,1.72215
1.061651174249799,0.038670609550303624,0.06785424885293403,0.01214959683336134,0.31704388607568224,-0.09407780095253546,1.7286
1.0617321159257491,0.04070721130246434,0.06723260460144373,0.01295143887603539,0.31444277768514833,-0.09866485071358881,1.73505
1.0618182846640654,0.042726697403838027,0.06658167182922631,0.013770417368089512,0.31173749244400706,-0.10315909805163932,1.7415
1.0619097914108329,0.044728411147204446,0.06590205683227422,0.014606646701372964,0.3089327603498758,-0.10755819795159763,1.74795
1.0620067475751322,0.04671172642210742,0.06519438010269493,0.015460156614391202,0.30603333529591914,-0.11186009247937694,1.7544
1.0621092644906722,0.04867604780557557,0.06445927449270837,0.016330894933424378,0.3030439748815979,-0.11606300499066374,1.76085
1.0622174528972936,0.05062081052526377,0.0636973834221232,0.01721873074710136,0.2999694214702865,-0.12016543294467465,1.7673
1.0623314224462275,0.052545480300599294,0.06290935914072768,0.01812345795128759,0.2968143846556947,-0.1241661394726929,1.77375
1.0624512812312152,0.054449553071205505,0.06209586105313054,0.01904479916363863,0.2935835248987231,-0.12806414383188275,1.7802
1.06257713533852,0.056332554637673324,0.06125755409112026,0.01998240998870088,0.2902814380430461,-0.13185871089335507,1.78665
1.0627090884273138,0.05819404020257617,0.0603951071637173,0.02093588328540136,0.2869126423058331,-0.1355493400685786,1.7931
1.062847241339966,0.060033593826354856,0.05950919168308223,0.021904753708984162,0.28348156597078783,-0.1391357535133372,1.79955
1.0629916917416151,0.06185082781186548,0.05860048016691807,0.022888502325695045,0.27999253663181256,-0.1426178838736251,1.806
1.0631425337900402,0.06364538202478724,0.05766964492221976,0.023886561266731218,0.27644977183084024,-0.1459958617547858,1.81245
1.0632998578354487,0.06541692315783508,0.05671735681035452,0.024898318384358704,0.2728573710280164,-0.14927000301582333,1.8189
1.0634637501497917,0.06716514394671841,0.055744284093447706,0.025923121872580307,0.26921930884586986,-0.15244079599073126,1.82535
1.063634292685224,0.06888976234578512,0.05475109136204962,0.026960284814736425,0.26553942952911647,-0.15550888873868202,1.8318
1.0638115628613218,0.07059052067129279,0.05373843854405787,0.028009089620421982,0.26182144256173434,-0.15847507642492298,1.83825
1.0639956333806735,0.07226718472024853,0.052706979994869584,0.02906879231410286,0.2580689193829509,-0.16134028893422572,1.8447
1.0641865720724573,0.07391954287275349,0.0516573636687408,0.030138626637812183,0.2542852911437904,-0.16410557881872423,1.85115
1.064384441763611,0.07554740518563434,0.05059023037081913,0.031217807970125095,0.25047384739339085,-0.16677210963620495,1.8576
1.0645893001738702,0.07715060247702957,0.04950621307742382,0.03230553727186323,0.24663773539170553,-0.1693411444200871,1.86405
1.0648011998308118,0.07872898540591956,0.04840593632360957,0.03340100452312654,0.24277996053590378,-0.17181403492466166,1.8705
1.0650201880105739,0.08028242356051839,0.04729001566723333,0.03450339207221993,0.23890338727069543,-0.1741922112552751,1.87695
1.0652463066992675,0.08181080455353482,0.046159057216196765,0.035611877786392646,0.23501074068684835,-0.1764771719476103,1.8834
1.065479592573689,0.08331403313048842,0.04501365721753979,0.0367256379668443,0.23110460865646673,-0.17867047460406096,1.88985
1.0657200770000448,0.08479203029350808,0.04385440170510565,0.03784385004216124,0.22718744443042377,-0.18077372707447276,1.8963
1.065967786049325,0.08624473244281758,0.042681866202361994,0.03896569504479724,0.2232615696427661,-0.18278857917591698,1.90275
1.0662227405279738,0.08767209053811245,0.04149661547696335,0.040090359875212055,0.21932917766690954,-0.18471671494616088,1.9092
1.0664849560224903,0.08907406928203186,0.04029920334364057,0.041217039358280846,0.21539233726844606,-0.18655984542549955,1.91565
1.0667544429566083,0.0904506463279402,0.03909017251199309,0.04234493809659681,0.211452996499352,-0.18831970196162667,1.9221
1.0670312066596894,0.09180181151419815,0.03787005447579111,0.043473272125260094,0.20751298677848634,-0.18999803003217933,1.92855
1.0673152474449779,0.09312756612716516,0.03663936944033886,0.044601270372810475,0.20357402710307906,-0.19159658357965592,1.935
1.0676065606974123,0.09442792219311565,0.03539862628491106,0.045728175982556483,0.19963772833455595,-0.19311711980046103,1.94145
1.0679051369701842,0.09570290179091989,0.03414832255743056,0.0468532474709383,0.19570559762238418,-0.19456139436397854,1.9479
1.0682109620855997,0.09695253639709538,0.03288894449771595,0.047975759663086565,0.19177904278467006,-0.19593115713691428,1.95435
1.0685240172433907,0.0981768662599844,0.03162096708847765,0.0490950045367054,0.1878593767177358,-0.19722814827946494,1.9608
1.0688442791337998,0.0993759398017171,0.0303448541295923,0.05021029191585469,0.18394782180186248,-0.19845409474510115,1.96725
1.0691717200545505,0.10054981304856793,0.029061058333292176,0.05132095003937689,0.18004551424578083,-0.19961070715015672,1.9737
1.0695063080310687,0.10169854908910629,0.02777002143834208,0.052426326012691496,0.17615350835946447,-0.20069967699163302,1.98015
1.0698480069393193,0.10282221755954392,0.02647217434127462,0.05352578615168126,0.17227278074477695,-0.20172267419162976,1.9866
1.0701967766306246,0.10392089415567952,0.02516793724275657,0.05461871622739283,0.16840423439352892,-0.20268134494681195,1.99305
1.07055257305783,0.1049946601708428,0.02385771980715722,0.055704521620276,0.16454870268249602,-0.2035773098613238,1.9995
1.0709153484021834,0.10604360205924186,0.022541921333387522,0.056782627392687364,0.16070695325494286,-0.20441216234156115,2.00595
1.0712850512002896,0.1070678110241041,0.02122093093509603,0.057852478288370326,0.15687969177824787,-0.2051874672312047,2.0124
1.0716616264705128,0.10806738263003321,0.01989512772826762,0.05891353866765609,0.15306756556710654,-0.20590475966494126,2.01885
1.0720450158384116,0.10904241643888285,0.018564881024508054,0.05996529238690778,0.14927116706250393,-0.20656554412409928,2.0253
1.0724351576632376,0.10999301566636602,0.01723055053184369,0.06100724261946935,0.14549103719203482,-0.20717129371646897,2.03175
1.0728319871618177,0.11091928685898725,0.01589248656008551,0.06203891163048417,0.1417276685964539,-0.20772344957996133,2.0382
1.0732354365302892,0.11182133959325281,0.014551030227888078,0.06305984051853951,0.13798150869280945,-0.2082234204502547,2.04465
1.0736454350647853,0.11269928619375914,0.013206513673048438,0.0640695889149952,0.1342529626217037,-0.20867258238614286,2.0511
1.0740619092799593,0.11355324146962757,0.01185926026382454,0.06506773465529707,0.13054239605496543,-0.20907227861516492,2.05755
1.0744847830252542,0.11438332246851834,0.010509584810706353,0.06605387342605035,0.12685013786613428,-0.20942381949019467,2.064
1.0749139775988246,0.11518964824743029,0.009157793778127235,0.067027618391047,0.12317648266775287,-0.20972848254739454,2.07045
1.0753494118590128,0.11597233965949064,0.007804185495604998,0.06798859979943993,0.11952169321946991,-0.2099875126559387,2.0769
1.075791002333288,0.11673151915594206,0.006449050367798418,0.06893646457925945,0.11588600271094662,-0.2102021222499103,2.08335
1.0762386633245493,0.11746731060252971,0.005092671082971835,0.06987087591946245,0.112269616923578,-0.2103734916327763,2.0898
1.0766923070146999,0.1181798391094951,0.0037353228193541177,0.07079151284370955,0.10867271627502248,-0.2105027693448452,2.09625
1.0771518435653982,0.11886923087438694,0.002377273448872585,0.07169806977906917,0.10509545775051872,-0.21059107258411422,2.1027
1.077617181215884,0.11953561303687799,0.001018783737776956,0.07259025612282315,0.10153797672506165,-0.21063948767090404,2.10915
1.0780882263777984,0.12017911354482204,-0.00033989245640684,0.07346779581060162,0.09800038868030642,-0.21064907054669527,2.1156
1.07856488372734,0.12079986103083191,-0.0016985079915659148,0.07433042688040255,0.09448279081403903,-0.21062084731815345,2.12205
1.0790470562959467,0.12139798469950619,-0.003056822249074951,0.07517790102604334,0.09098526354720096,-0.2105558148632262,2.1285
1.0795346455564812,0.12197361422383624,-0.004414600947137107,0.07600998318313454,0.0875078719627239,-0.21045494138926968,2.13495
1.080027551507119,0.1225268796507232,-0.005771615958159011,0.07682645110133883,0.08405066713784683,-0.2103191670544708,2.1414
1.0805256727526729,0.12305791131489079,-0.007127645129753893,0.07762709492441738,0.08061368739506829,-0.2101494046011946,2.14785
1.0810289065832202,0.12356683976042382,-0.008482472109966275,0.07841171677805292,0.07719695947421118,-0.20994653999773102,2.1543
1.0815371490500911,0.12405379566953202,-0.009835886176711654,0.07918013036570898,0.07380049962904699,-0.20971143308660622,2.16075
1.0820502950392754,0.12451890979813929,-0.011187682071423871,0.07993216057288031,0.07042431465201258,-0.20944491823740974,2.1672
1.0825682383423063,0.1249623129178992,-0.012537659836903584,0.08066764308009043,0.06706840283054993,-0.2091478050020881,2.17365
1.0830908717246792,0.12538413576423682,-0.013885624659359505,0.08138642398499035,0.06373275483860451,-0.20882087877065614,2.1801
1.0836180869918608,0.12578450899001734,-0.015231386714635513,0.08208835943391449,0.060417354566813485,-0.20846490142527668,2.18655
1.0841497750529492,0.12616356312444296,-0.01657476101861881,0.08277331526324995,0.05712217989491065,-0.20808061199065958,2.193
1.0846858259820398,0.12652142853677623,-0.017915567281816876,0.08344116665097154,0.0538472034098928,-0.20766872727873067,2.19945
1.0852261290773568,0.1268582354044934,-0.01925362976810342,0.08409179777870204,0.050592393073461604,-0.20722994252552204,2.2059
1.0857705729182048,0.12717411368546463,-0.020588777157614258,0.084725101504647,0.047357712842302516,-0.20676493201823606,2.21235
1.0863190454198055,0.12746919309376745,-0.02192084241380899,0.08534097904777024,0.04414312324467684,-0.2062743497104279,2.2188
1.0868714338861174,0.12774360307874877,-0.02324966265460379,0.08593933968178452,0.04094858191465057,-0.20575882982660423,2.22525
1.0874276250613029,0.12799747280812906,-0.02457507902674954,0.08652010042723735,0.0377740440639781,-0.20521898748193812,2.2317
1.0879875051787047,0.12823093115451495,-0.02589693658406256,0.08708318577480748,0.03461946294525487,-0.20465541925291725,2.23815
1.088550960007946,0.128444106683739,-0.02721508417005433,0.08762852740830263,0.031484790275922145,-0.20406870374929192,2.2446
1.0891178749004498,0.12863712764632784,-0.02852937430388446,0.08815606393685858,0.02836997661896896,-0.2034594021781734,2.25105
1.0896881348332732,0.12881012197126074,-0.029839663069881,0.08866574063812405,0.02527497173480293,-0.20282805889268105,2.2575
1.09026162445133,0.12896321726182972,-0.031145810010553422,0.08915750921106853,0.02219972490504286,-0.20217520192696325,2.26395
1.0908382281080538,0.12909654079346555,-0.03244767802301133,0.08963132753818599,0.019144185229652517,-0.20150134351765206,2.2704
1.09141782990456,0.12921021951339495,-0.033745133258704915,0.09008715945686697,0.016108301898827934,-0.20080698061181035,2.27685
1.0920003137273553,0.12930438004199254,-0.03503804502640074,0.0905249745397121,0.01309202444105646,-0.2000925953614308,2.2833
1.0925855632846528,0.1293791486756934,-0.03632628569830862,0.09094474788355987,0.010095302948760243,-0.19935865560454558,2.28975
1.0931734621413431,0.12943465139132987,-0.03760973061927113,0.09134645990700059,0.007118088282947469,-0.1986056153330076,2.2962
1.0937638937526781,0.12947101385175724,-0.038888258018933454,0.09173009615614992,0.004160332258279427,-0.1978339151470003,2.30265
1.0943567414967208,0.12948836141263453,-0.040161748926807836,0.0920956471184557,0.0012219878099698415,-0.1970439826963366,2.3091
1.0949518887056127,0.12948681913022203,-0.041430087090146006,0.09244310804430876,-0.0016969908560641946,-0.19623623310860505,2.31555
1.095549218695714,0.12946651177006305,-0.0426931588945297,0.09277247877623061,-0.004596648128374703,-0.19541106940422653,2.322
1.0961486147966737,0.1294275638164133,-0.043950853287103575,0.09308376358541348,-0.007477026869084707,-0.194568882898475,2.32845
1.0967499603794777,0.1293700994822817,-0.045203061702360325,0.09337697101538263,-0.010338168305492772,-0.19371005359052224,2.3349
1.0973531388835365,0.12929424271995213,-0.04644967799038177,0.09365211373238672,-0.013180111933002529,-0.1928349505398088,2.34135
1.0979580338430066,0.1292001172323783,-0.04769059834730136,0.0939092083772217,-0.016002895441296603,-0.19194393223822553,2.3478
1.0985645289118866,0.12908784648581417,-0.04892572124826241,0.09414827543193137,-0.018806554644405952,-0.19103734696120162,2.35425
1.0991725078883043,0.12895755372176315,-0.05015494738275328,0.09436933908947677,-0.021591123409740863,-0.19011553310840051,2.3607
1.0997818547380496,0.1288093619696714,-0.05137817959201468,0.09457242712714319,-0.024356633608271464,-0.18917881953701454,2.36715
1.1003924536172938,0.12864339405998418,-0.05259532280854931,0.09475757078705596,-0.02710311507205335,-0.18822752588231173,2.3736
1.1010041888945679,0.12845977263742075,-0.05380628399764197,0.09492480466196183,-0.029830595559124273,-0.18726196286767835,2.38005
1.1016169451720303,0.1282586201744356,-0.055010972100833305,0.0950741665860997,-0.03253910072537609,-0.18628243260442548,2.3865
1.102230607306048,0.1280400589848325,-0.056209297981290395,0.09520569753098518,-0.03522865410300721,-0.18528922888162835,2.39295
1.1028450604271196,0.12780421123749916,-0.057401174371015946,0.09531944150593315,-0.03789927708515681,-0.1842826374462683,2.3994
1.103460189959168,0.12755119897022935,-0.0585865158198409,0.09541544546314257,-0.04055098891632922,-0.18326293627394405,2.40585
1.1040758816382288,0.12728114410359967,-0.059765238646142464,0.09549375920716772,-0.04318380668821046,-0.18223039583042275,2.4123
1.1046920215305625,0.12699416845486827,-0.06093726088923047,0.09555443530860018,-0.04579774534048132,-0.1811852793242987,2.41875
1.1053084960502162,0.12669039375186303,-0.06210250226334413,0.09559752902178577,-0.0483928176662288,-0.18012784295103001,2.4252
1.1059251919760646,0.12636994164682486,-0.06326088411320557,0.09562309820640036,-0.05096903432156788,-0.1790583361286182,2.43165
1.1065419964683545,0.12603293373017604,-0.06441232937107015,0.09563120325271003,-0.053526403839071514,-0.17797700172520362,2.4381
1.107158797084779,0.125679491544179,-0.06555676251521095,0.09562190701033745,-0.056064932644600274,-0.17688407627884803,2.44455
1.107775481796118,0.12530973659644976,-0.06669410952980205,0.095595274720361,-0.05858462507718404,-0.17577979020975562,2.451
1.108391939001458,0.12492379037330129,-0.06782429786611431,0.09555137395057109,-0.061085483411495584,-0.17466436802522842,2.45745
1.1090080575430223,0.12452177435287734,-0.06894725640497464,0.09549027453370332,-0.06356750788253662,-0.17353802851761288,2.4639
1.1096237267206617,0.12410381001806715,-0.07006291542045381,0.0954120485081473,-0.06603069671242794,-0.1724009849556534,2.47035
1.1102388363059041,0.12367001886968705,-0.07117120654474575,0.09531677006112255,-0.06847504614373737,-0.17125344526885533,2.4768
1.1108532765555268,0.12322052243932355,-0.07227206273444269,0.09520451547781761,-0.0709005504715199,-0.1700956122243905,2.48325
1.1114669382249784,0.12275544230152428,-0.07336541823779245,0.09507536308887309,-0.07330720207321606,-0.16892768360066754,2.4897
1.1120797125814057,0.12227490008606012,-0.07445120856309066,0.09492939322196978,-0.0756949914444993,-0.16774985235313222,2.49615
1.1126914914163768,0.12177901748995526,-0.07552937044810983,0.09476668815583858,-0.0780639072363926,-0.16656230677431139,2.5026
1.1133021670583247,0.12126791628926872,-0.07659984183052512,0.09458733207635275,-0.08041393629336034,-0.16536523064845032,2.50905
1.113911632384717,0.12074171835062336,-0.07766256181930963,0.09439141103462302,-0.08274506369230406,-0.16415880340089947,2.5155
1.114519780833963,0.12020054564247923,-0.07871747066707015,0.09417901290701623,-0.08505727278238842,-0.16294320024240644,2.52195
1.1151265064170697,0.11964452024614733,-0.0797645097432974,0.09395022735701834,-0.08735054522562792,-0.16171859230846794,2.5284
1.1157317037290542,0.11907376436654034,-0.08080362150850169,0.09370514579886208,-0.08962486103816068,-0.16048514679389783,2.53485
1.1163352679601255,0.11848840034265654,-0.0818347494892075,0.09344386136284002,-0.09188019863213914,-0.15924302708276628,2.5413
1.1169370949066442,0.1178885506577943,-0.08285783825377725,0.09316646886222416,-0.09411653485816181,-0.1579923928738673,2.54775
1.1175370809818685,0.1172743379494917,-0.08387283338903992,0.09287306476171171,-0.09633384504818192,-0.15673340030186642,2.5542
1.1181351232265015,0.1166458850191897,-0.0848796814776928,0.09256374714731858,-0.09853210305881113,-0.15546620205428877,2.56065
1.1187311193190435,0.11600331484161468,-0.08587833007645153,0.09223861569764129,-0.10071128131495394,-0.1541909474845004,2.5671
1.1193249675859656,0.1153467505738749,-0.08686872769492097,0.09189777165640639,-0.1028713508537008,-0.15290778272083647,2.57355
1.1199165670117113,0.11467631556426994,-0.08785082377515735,0.09154131780622991,-0.10501228136840389,-0.1516168507720355,2.58
1.1205058172485323,0.11399213336081221,-0.08882456867188955,0.09116935844350882,-0.10713404125285471,-0.150318291629141,2.58645
1.1210926186261823,0.11329432771944323,-0.08978991363339091,0.09078199935435734,-0.10923659764553219,-0.14901224236400015,2.5929
1.1216768721614583,0.11258302261196448,-0.09074681078294154,0.09037934779152208,-0.11131991647378006,-0.14769883722455818,2.59935
1.122258479567622,0.11185834223365293,-0.09169521310088993,0.08996151245218159,-0.11338396249792028,-0.1463782077270558,2.6058
1.1228373432636891,0.11112041101058968,-0.09263507440724611,0.08952860345652898,-0.11542869935486225,-0.1450504827452366,2.61225
1.1234133663835384,0.11036935360697048,-0.09356634934481499,0.08908073232726728,-0.11745408959860751,-0.14371578859413792,2.6187
1.1239864527847747,0.10960529493213071,-0.09448899336310974,0.08861801197149653,-0.11946009474985027,-0.14237424911338176,2.62515
1.1245565070576624,0.10882836014680793,-0.0954029627026427,0.08814055666083244,-0.1214466753365223,-0.14102598574903355,2.6316
1.1251234345338716,0.10803867466938973,-0.09630821437974228,0.08764848201317597,-0.12341379093601297,-0.1396711176307756,2.63805
1.1256871412951037,0.10723636418190524,-0.09720470617187396,0.08714190497539065,-0.12536140021850792,-0.13830976164668993,2.6445
1.126247534181609,0.10642155463574099,-0.098092396603423,0.08662094380653572,-0.1272894609899,-0.1369420325156451,2.65095
1.1268045208006001,0.1055943722570826,-0.09897124493192833,0.0860857180616266,-0.12919793023427778,-0.13556804285735202,2.6574
1.1273580095345617,0.10475494355208531,-0.09984121113475508,0.08553634857589464,-0.1310867641559928,-0.1341879032601552,2.66385
1.1279079095494622,0.10390339531177538,-0.10070225589619418,0.08497295744951812,-0.13295591822130814,-0.13280172234662566,2.6703
1.1284541308028664,0.103039854616684,-0.10155434059497787,0.08439566803279576,-0.13480534719963297,-0.13140960683702038,2.67675
1.1289965840519527,0.10216444884121756,-0.10239742729219804,0.08380460491173562,-0.13663500520434224,-0.13001166161067668,2.6832
1.129535180861438,0.10127730565776374,-0.10323147871961826,0.08319989389402939,-0.13844484573319016,-0.1286079897654031,2.68965
1.1300698336114108,0.10037855304053912,-0.1040564582683643,0.0825816619953861,-0.14023482170831295,-0.12719869267493827,2.6961
1.1306004555050764,0.09946831926917762,-0.10487232997798475,0.0819500374261951,-0.14200488551583004,-0.12578387004453895,2.70255
1.1311269605764147,0.09854673293206409,-0.1056790585258674,0.08130514957849176,-0.1437549890450418,-0.12436361996476683,2.709
1.1316492636977555,0.09761392292941315,-0.10647660921700214,0.08064712901319578,-0.14548508372723115,-0.12293803896353625,2.71545
1.1321672805872713,0.09667001847609874,-0.10726494797407578,0.0799761074475964,-0.1471951205740658,-0.1215072220564939,2.7219
1.1326809278163907,0.09571514910423129,-0.10804404132789124,0.07929221774305265,-0.1488850502156132,-0.12007126279578859,2.72835
1.1331901228171344,0.09474944466549173,-0.10881385640809409,0.0785955938928853,-0.1505548229379589,-0.1186302533173073,2.7348
1.1336947838893772,0.09377303533321928,-0.10957436093419855,0.07788637101042827,-0.15220438872044,-0.11718428438643563,2.74125
1.134194830208035,0.09278605160425821,-0.11032552320689933,0.07716468531721386,-0.15383369727249183,-0.11573344544241312,2.7477
1.1346901818301873,0.09178862430055966,-0.11106731209966435,0.07643067413125952,-0.15544269807012545,-0.11427782464133851,2.75415
1.1351807597021226,0.0907808845705556,-0.11179969705057666,0.07568447585543622,-0.1570313403919957,-0.11281750889791871,2.7606
1.1356664856663294,0.089762963890282,-0.11252264805444927,0.0749262299658768,-0.15859957335513886,-0.11135258392597988,2.76705
1.1361472824684014,0.08873499406433516,-0.11323613565513574,0.07415607700051227,-0.16014734594821128,-0.10988313427738419,2.7735
1.136623073763785,0.08769710722692448,-0.11394013093809197,0.07337415854848463,-0.16167460705926304,-0.10840924337713004,2.77995
1.1370937841244877,0.08664943584225138,-0.11463460552334738,0.07258061723859217,-0.16318130552164756,-0.10693099356245533,2.7864
1.1375593390457899,0.08559211270461409,-0.11531953155858711,0.07177559672762648,-0.164667390141824,-0.10544846611843764,2.79285
1.1380196649528438,0.08452527093847818,-0.11599488171248364,0.07095924168917411,-0.16613280973175262,-0.10396174131209118,2.7993
1.1384746892071975,0.08344904399833218,-0.11666062916824836,0.07013169780239063,-0.16757751314169173,-0.10247089842558124,2.80575
1.1389243401132485,0.08236356566833726,-0.11731674761738783,0.0692931117407436,-0.16900144929242997,-0.10097601578845072,2.8122
1.1393685469246226,0.08126897006177326,-0.11796321125366054,0.0684436311607166,-0.17040456720696567,-0.09947717080888355,2.81865
1.1398072398504795,0.08016539162028491,-0.11859999476722852,0.0675834046904681,-0.17178681604164214,-0.09797444000403151,2.8251
1.1402403500617435,0.07905296511292963,-0.11922707333900019,0.06671258191843657,-0.17314814511675128,-0.09646789902942812,2.83155
1.1406678096972613,0.07793182563503023,-0.11984442263515906,0.06583131338188523,-0.17448850394661622,-0.09495762270751527,2.838
1.1410895518698836,0.07680210860683563,-0.12045201880187344,0.06493975055537908,-0.1758078422691623,-0.09344368505530842,2.84445
1.1415055106724712,0.07566394977199155,-0.12104983846018301,0.06403804583918674,-0.17710611007498875,-0.09192615931122465,2.8509
1.141915621183826,0.07451748519582467,-0.12163785870105698,0.06312635254759988,-0.17838325763595078,-0.09040511796109955,2.85735
1.1423198194745452,0.0733628512634416,-0.12221605708061965,0.062204824897162204,-0.17963923553326394,-0.08888063276341646,2.8638
1.1427180426127996,0.0722001846776482,-0.12278441161553778,0.061273617994802694,-0.18087399468513932,-0.0873527747737769,2.87025
1.143110228670034,0.07102962245668734,-0.12334290077856665,0.06033288782586216,-0.18208748637396432,-0.08582161436863114,2.8767
1.1434963167265904,0.06985130193180536,-0.12389150349424692,0.05938279124201183,-0.1832796622730326,-0.08428722126830443,2.88315
1.1438762468772532,0.06866536074463903,-0.12443019913475273,0.05842348594904781,-0.1844504744728448,-0.08274966455932901,2.8896
1.1442499602367175,0.06747193684443559,-0.12495896751588122,0.057455130494562065,-0.1855998755069806,-0.08120901271612088,2.89605
1.1446173989449764,0.0662711684851066,-0.12547778889318062,0.056477884255480997,-0.18672781837755598,-0.07966533362202291,2.9025
1.1449785061726296,0.06506319422211257,-0.1259866439582134,0.0554919074254595,-0.1878342565802798,-0.07811869458973308,2.90895
1.145333226126115,0.06384815290918855,-0.12648551383494855,0.05449736100212971,-0.18891914412911742,-0.07656916238115144,2.9154
1.1456815040528576,0.06262618369490311,-0.12697438007627937,0.05349440677418774,-0.1899824355805748,-0.07501680322665928,2.92185
1.1460232862463364,0.06139742601907846,-0.12745322466065576,0.052483207308332724,-0.1910240860575995,-0.073461682843886,2.9283
1.1463585200510793,0.06016201960902409,-0.12792202998884408,0.051463925936008924,-0.19204405127314894,-0.07190386645592567,2.93475
1.1466871538675611,0.05892010447566202,-0.12838077888077837,0.050436726740004906,-0.19304228755336791,-0.07034341880912508,2.9412
1.1470091371570148,0.05767182090958014,-0.12882945457250186,0.04940177454149508,-0.1940187518548527,-0.068780404190016,2.94765
1.1473244204460842,0.056417309477236596,-0.12926804071318274,0.0483592348872756,-0.1949734017815632,-0.0672148864406547,2.9541
1.147632955331461,0.05515671101638869,-0.12969652136238002,0.04730927403432977,-0.19590619562101996,-0.06564692897597538,2.96055
1.1479346944844397,0.053890166631576183,-0.1301148809873358,0.04625205893665926,-0.1968170923565439,-0.06407659479973578,2.967
1.1482295916553746,0.052617817689569024,-0.13052310446037907,0.04518775723123317,-0.19770605168756766,-0.06250394651966754,2.97345
1.1485176016780456,0.05133980581467981,-0.1309211770564254,0.04411653722374908,-0.19857303404971596,-0.06092904636222651,2.9799
1.1487986804739296,0.050056272883952244,-0.13130908445056724,0.04303856787424653,-0.1994180006343258,-0.05935195618695458,2.98635
1.1490727850563784,0.04876736102222787,-0.1316868127157531,0.04195401878257294,-0.2002409134074154,-0.05777273750046254,2.9928
1.1493398735346974,0.04747321259709503,-0.13205434832055352,0.04086306017370408,-0.20104173512811,-0.05619145147004573,2.99925
1.1495999051181316,0.04617397021372156,-0.13241167812701257,0.03976586288291852,-0.20182042936653463,-0.05460815893694128,3.0057
1.1498528401197523,0.0448697767095746,-0.13275878938858324,0.03866259834082764,-0.2025769605211818,-0.053022920429237674,3.01215
1.1500986399602464,0.04356077514903081,-0.13309566974814427,0.037553438558262306,-0.2033112938357632,-0.05143579617444787,3.0186
1.1503372671716068,0.042247108817878486,-0.13342230723609755,0.03643855611101581,-0.20402339541555467,-0.04984684611175432,3.02505
1.1505686854007249,0.04092892121771535,-0.13373869026854396,0.03531812412444509,-0.20471323224324292,-0.048256129903937635,3.0315
1.150792859412881,0.03960635606024539,-0.13404480764553572,0.03419231625793099,-0.20538077219428277,-0.04666370694899962,3.03795
1.1510097550951355,0.03827955726147662,-0.13434064854940383,0.03306130668919822,-0.20602598405177366,-0.04506963639149024,3.0444
1.1512193394596184,0.036948668935820855,-0.13462620254315932,0.031925270098493795,-0.2066488375208662,-0.04347397713354608,3.05085
1.1514215806467172,0.03561383539010223,-0.13490145956896543,0.030784381652628513,-0.2072493032427042,-0.04187678784565609,3.0573
1.1516164479281594,0.03427520111747491,-0.13516640994668,0.029638816988880195,-0.20782735280791415,-0.04027812697716147,3.06375
1.1518039117099956,0.032932910791254,-0.13542104437246563,0.028488752198760427,-0.20838295876964846,-0.03867805276650169,3.0702
1.151983943535475,0.03158710925865576,-0.1356653539174674,0.02733436381163996,-0.20891609465619568,-0.03707662325120891,3.07665
1.1521565160878178,0.030237941534464564,-0.13589933002655372,0.026175828778246278,-0.2094267349831598,-0.03547389627767851,3.0831
1.1523216031928796,0.028885552794616787,-0.13612296451712055,0.025013324454023017,-0.20991485526522244,-0.033869929510711036,3.08955
1.1524791798217136,0.02753008836970295,-0.13633624957795834,0.02384702858235112,-0.2103804320274985,-0.03226478044283392,3.096
1.152629222093022,0.02617169373839814,-0.13653917776817787,0.022677119277638606,-0.21082344281649018,-0.03065850640342203,3.10245
1.1527717072755,0.024810514520843076,-0.13673174201619,0.02150377500829643,-0.21124386621064098,-0.029051164567650615,3.1089
1.1529066137900748,0.02344669647189766,-0.1369139356187515,0.020327174579532006,-0.2116416818305283,-0.027442811965194686,3.11535
1.1530339212120275,0.022080385474432074,-0.13708575224004843,0.019147497116100337,-0.21201687034864583,-0.02583350548887768,3.1218
1.1531536102730153,0.020711727532490374,-0.1372471859108504,0.017964922045166115,-0.21236941349716495,-0.024223301903153895,3.12825
1.153265662862922,0.019340868765017748,-0.13739823102761178,0.01677962908174266,-0.21269929406333496,-0.022612257853605797,3.1347
1.1533700620316445,0.017967955398372107,-0.13753888235172132,0.01559179820812803,-0.213006495913008,-0.021000429873647152,3.14115
1.1534667919907802,0.016593133759401992,-0.13766913500886693,0.014401609656759955,-0.21329100399546355,-0.019387874392790164,3.1476
1.1535558381151871,0.015216550268523208,-0.1377889844883939,0.013209243893032581,-0.21355280434819,-0.01777464774473553,3.15405
1.1536371869444297,0.013838351432680104,-0.13789842664271235,0.012014881597649643,-0.2137918841031188,-0.01616080617516942,3.1605
1.1537108261841111,0.0124586838382695,-0.13799745768675395,0.010818703648914697,-0.2140082314923474,-0.014546405849459872,3.16695
1.1537767447070895,0.011077694144028876,-0.1380860741974781,0.009620891104961863,-0.21420183585335567,-0.01293150286025914,3.1734
1.1538349325545798,0.009695529073891984,-0.13816427311342666,0.008421625185931985,-0.21437268763371964,-0.011316153235020403,3.17985
1.1538853809371414,0.008312335409816341,-0.13823205173432745,0.007221087256099998,-0.2145207783953267,-0.009700412943438552,3.1863
1.1539280822355489,0.006928259984583923,-0.1382894077207452,0.006019458805956851,-0.21464610081809649,-0.008084337904821446,3.19275
1.1539630300015487,0.005543449674579306,-0.13833633909378076,0.00481692143425168,-0.2147486487032119,-0.006467983995401071,3.1992
1.1539902189584987,0.004158051392544491,-0.13837284423481724,0.0036136568299956345,-0.21482841697586383,-0.004851407055588469,3.20565
1.154009645001894,0.002772212080324617,-0.138398921885313,0.0024098467544417623,-0.21488540168751422,-0.0032346628971936476,3.2121
1.1540213051997732,0.0013860787015886984,-0.13841457114664124,0.0012056730230292688,-0.21491960001768154,-0.0016178073105966144,3.21855
1.1540251977930127,-2.0176544782151691e-7,-0.13841979147997568,1.3174873174501103e-6,-0.21493101027525238,-8.960719054730526e-7,3.225
